                                                                                                    
                                                                                                    
                                                                                                    
                                      101                                                           
                                  11111000111                 110001                                
                                100100111100001            11010001000                              
                               11000011010011110         100001100111011                            
                              001101000010110000        11101001011011100                           
                              1101111101110111110      0100000001111011001                          
                              1101111111101000110     11100111100010011010                          
                              0111100110000111111     00010101001001000010                          
                              1101111110010011010     01010001100110110000                          
                              100111011000110100      1111010100010010110                           
                0110000        01111101101100100      111001100100001110                            
              110000100110      010100110000010        0110001010000101                             
            1010001000011111      01100011011           01010111111100                              
           101110010000010000        11110               11000010000        00011                   
           011101110000100110                                            101110101110               
          11011100001101110100                                          001001000110011             
          00010101001100000111                                         00010010101110110            
          10100011111010011000                                        1100011010110011100           
           0111110010000100101             100011101111               01111100100101000000          
           1010110010100011110          111011100000011000           101001010101010101111          
            01110011011100111         1111101101101100011110         100111001011010001101          
             110011001111110         000011100010000010110111         00101011000000100001          
               11111111000          011000001000011100100001011       0100011100000001011           
                    00            010110110111010111100011011011       00001100001110000            
                                0101101011100010100111110000111111      110100101011001             
                              11001101111010000001100100010100010111       110001111                
                            101001001000110000110011100101111100101001                              
                          1100001110001001111010111100000100110111101110                            
                       1010011010101101001111000101101111010011111010100001                         
                     01110000011001001001010000100110100000010111111110011101                       
                   010111110100011110011111000001101101111010100011001010001110                     
                  01001001010101110000100011111111001111100011001001000110101110                    
                 10001110111111011100101110100010101010111110100101010000011011110                  
                0000001111111110101000001001010010001111001011010100110011000111110                 
                0110000000110010111001000011111100001100101100101111000011101101111                 
               00101100101011101000010101111000010111111000110010010100011011001101                 
                1011010001000001100100000110010000111000010001011100110111000111011                 
                1010000110001111011101001000011011010110100011011100000001100100100                 
                 000111111101001101001001001000101001111100001000001100101100011000                 
                 01011101111111010011111100110101100011111110011111011100111110010                  
                  110011101110110101110010001011100000101100011000000011111101010                   
                    00111101101100111100000010001100110001001110001101011010101                     
                       01011001101111111                011100010111011110110                       
                                                                                                    
                                                                                                    
                                                                                                    
                                                                                                    
