               111110001000011010101001100101101010011011010100010110110011001010010                
          00000100100111001010010010100100111011111001100111101111100110101001110111011011          
       1100100011000011101101011000100010011100100001010000001101101111111010001101010111110 0      
     10110101000001011101101101101101011111001101011001100101111011110010001100111000111111100      
    11111010011111110111011010110000110111001010110011101101100111001111010100001101100101111100    
   1010000110000011101101001001111000101101100001101101001011010111010111010010100011001001101011   
  001101011101101111101101111101101110111011001011101001100011001110001010001001110110111001101111  
 10010000011101010100110010001010000110110101111110001000000010111001011010001101000111000010100011 
 11110100110000111101010111101100110100010100011110001001101100011111001111100100111101010001010001 
0011100000000110001010101011010000001101011010010110100001000100011110001        1001011001000111000
111000000010000110000101011011010000001110000110110000111110000 1        1000001011 1101010110001011
1101000101011110010001000100001101100011011110111000110                0100111001000 001100000001110
01111110100101001010001100001110111000111001000000                       0111011010  101110010101001
01011110001011100111101110100110000000101100                         1               110101100011011
111000010110001111111100011010001010110                                               10010001110110
1000010000001100010100110010110000             11                                    010001000001001
111101001110101001001    10010011             1101                                  0000110011101011
10011100010001110110            0            0011                                  00011001111101110
110000000111101101                            10                              1   101001100000100101
011111010101110011                                                                111011010010000100
10100111011000111         0                                                      1111100101010001010
000110001001111           0               00101                                100010001111100111101
10100011001010   1        010             10101                               0101011001111100100111
01001100011101           1101                 001  10                      1101110000110100101010010
111101111101011001101001111000                 1010                    001 1100100001001110010100001
0011000110101010110010000010000                   0010001        10111    10110010101010100011000110
101010100011000001001110000110100 1                0   1010011110        111101011100100111101001111
1101100110001100011100100111011010111                                 000001101110011101110010101100
10001011100011101011011100011101100100                          0  001111101000010100101001001101110
11101100010101111011100011101100010001011                       100011001110111010011110111110001110
11100001001000010010101111001111100011011001           0     010000111010101011010100010011100001111
101000100101001011000111010101101101100111      0001100011000110100110011100111111101010010000001101
100110000111001011100101000101100101011         1001011010100010011100010000011110100100101100000001
00011010010010110111101   1                       00101001010111111111111000101011101001101000001111
0000111111110001101101                                   0000011010011010000001001011011010101110110
1000100011001001001000                 0100101110011111111101111011010100101010100000101100101110000
111101000000101110011             000101000110111001010100100000011100110100000010001100110110011001
00110001100000010          1010010100110100101000000111111001010010111101111001110011101110010100000
1110111110001100110000010111000010011101000101011111001111111101001000110110101000000100001110011101
0011001011111011111101111110101101100100111000110100100011100101010010111000100100000010100010011100
0001110010000111010110101000010101100101001101101010000101101101010100000011011100100101111011001111
 00101111110001111001111110010111001100111000011000011011000100101000010000111111101111111011111000 
 11010111111000101110010100100001001111011000010011111100001101011101101000110100000011110111111001 
  111110001001011001110110001001010111111000111101000111011011010001111010011001111100101001100110  
   1100100011000010101100011010110101111001010010100001101101101010100011000000011101001011101100   
    01100100010001011111101101001110011100010001100010110010101000000110101010010100001100010100    
      10000010011000011010111011001110110100000111100011100101111101001111001010101111100100000     
        010100010011101111001010000000100101011111010010010010101000001010100010100100101010 0      
         100011110000111101111011001100110001011110011111000101101011010110100111001010111          
             1 0011101001001101101111110011101100100000101001010100100111111000101000               
