                                                                                                    
                                                                                                    
                                                                                                    
                                            001000000000                                            
                                         11110110101100000                                          
                                        01011001100001101010                                        
                                       1001000000100110111110                                       
                                       100   1010010000001000                                       
                                       111    001101100011010                                       
                                       001   1110110000010010                                       
                                       1001001110101111101000                                       
                                       1111110110101010111001                                       
                                       1011111011000000010101                                       
                                      1           10101011101                                       
                                 1000010100001100001100001011 100001                                
                              0111100111001001100011111010101 10011001                              
                             10011011011100001100100110000101 101111100                             
                             10100111000111011010110011101111 100010101                             
                            01111110011101111001000111110111010001001100                            
                            011111100101010101110101001001111 1111011110                            
                            010000000011110100001001010101000 0011111001                            
                           1010011000101000001101111101001110 01011101111                           
                           110000010110000100011101111101100 001100100111                           
                           00000111010101011001000011001101 1101111000010                           
                           1001010111101011                01101010100110                           
                           11100101011100  011000110010110111011010011100                           
                           1101011100011 00101011100111110000100000111010                           
                           100111010111 111110111001100111101110110001111                           
                           10011100111 0000001011011000011000001110100111                           
                            1111110011 101011001011101001001111111100000                            
                            0011011010 001111011111110101001110101101111                            
                            1101101001 100001111100010001000010000111001                            
                             011000010 00010011000010101010110010101111                             
                             101010011 00111001001100100110101000010001                             
                              01001000 0111011000100001011110010111000                              
                                 00001 0011100011010101001001000011                                 
                                       10001101110                                                  
                                       0001010001011001011100                                       
                                       0011110001101110100100                                       
                                       0100100001001101101111                                       
                                       111010110001011    100                                       
                                       100011000110101    101                                       
                                       0010001000000101   010                                       
                                        00110001110010101111                                        
                                         111110100111000001                                         
                                           001011010101011                                          
                                              01101010                                              
                                                                                                    
                                                                                                    
                                                                                                    
