1100000100110110100100001001100011111010000010001111101111111000111010111011001101100011010100001001
1010010111001110000111011011110000001111111101000011010110001110001010001010010000011010001010100000
0010111011100101011011000100011000000000111001100001101001010101110110110110100111001001100000011001
0000101100001011110011111110010000101101110010011110100000111001000010011010001101011010000010100100
1011110100111010011001011010010011101111100100011010000110110011011000011101100111001011101010000111
1110001100010111101101111010101011111110111100111111100111110011001101010000101010011000010101111010
0101000000001010111011011100111001100001111010101101000111110110110010111101111010011111011110010010
0101100101000111011001000001110110110010010011001111000000110001100100111010101101001111001001010011
1001000100111011001100110100010000100110001010100001100101111100110101010100010101010100101110010101
0111100000110001110001111100010101110010100001111100111111111000100101011011010001010110111101011011
01100001111110101010001     0  00000001       000011110001100000000100110001111000111111101010111010
1010010110110000100100          0011011      01100100110011           100000110111100001001101001001
1000001001111001000110          001111 1      0 00           010101  0      011110000001000101000011
11000110111010011100000   0    11010              0  0010001111111110100  10   001010100000110101001
0110000101010010111110110   0101100              001001101010111010101001      011100011110100111000
1100110100010010011101100000100010       000100   00001100001100110111010         101101000001000111
11111111011100111010010001010011       011011    1101111101001111111101011        011100011001100010
011111010001101011100   1 010101   1110001       1 11010000000100000111010       1110111101000110100
100110101100100101101      00101010 00001    1                      010101        000110100000011010
111001101111001101011         0111010101     10000        1000101110101110        110100111110100011
000000100101011001010111   0   00110100    1101010        0110011100011011        010011100011000011
000111101101011011111111100     000101010 10001001        0011101010100110        000000101001110110
01000111011000001100001011111    010001                      0     1111110        110011011101011001
10110101101010010111101111010    01001011   0  00           11        0011        100111000010011101
01110100000000111110100101110   110101100110100101        1110110010001001        100110110010101101
111110011101110010000110000     011110010000101001        0011011   110000        111110010000100111
01001101000011010110000010     01100        100110        11100100   00010        010011100101101100
1101000001111010100011011      11110        111010        001111      1000       0000010101011000000
10000001110110110111001       1010001        00011        0011    00 0 001        000110001101011101
000101111010100100011       00101100000                   0  1100       0       11111101111100010010
0101001001010111100         010000101110                   0000101  01001       10000001101110010001
010011000110010100   1001  110011000000101101001100001100000111010001000        11010001101100010001
111000101101111110001     0010001100011011101100010100100101100001111         0010011011000011011101
00110011011010110000100 001110101000000011111000100001110110       0       1101010010111100111011101
0011111100001011100110111100100101011000001010010010000101011011    11011001001111101110001101100111
1010000111101011001111100001001111110000010100100001110101010010111001011011110110000000010101101111
1000110111111111001110100010001110110010111111011000010110101011001110110010000010000010110001111000
0101010100110010001100100011011101000001001101000000101100001100101010011000100010100111100010010111
1010001110000101101101101101010101100001100111100000000111011100011010110100101010001001111111100010
0000101111001010110000011000110101100000111010000101100101011011001010011101100000010001100011100100
1010111101000101111101100010100001000110000101111010011101101111001110111110111100010000101000101100
1000100111110100001001100010111111000111110110100101010010011000101110010101111001011100011011111001
1100000000000011011101100011111010101010110000000111111110000010011010001001100100101101111100000010
1111010011110011010011101000000111101000000100011110010101011101100110010101010010001101111110100101
1110011000100001001110100111001110110110110111110101101010000111011010101110111000010100100010100100
1011110111101101000110000011110110010110001101011010110001000101101001100101110100101010010001000101
0100101010011010110001111000110010010110100111100010100100100111001011101111000010100101100101011111
0010010101010101111010101000110001010111100101011000010111000100011111100011101111111101010000110000
1101001111000110011111111010001100011110011100000000111001101001001101011011110000110000011001000010
1011011111010001110010010000100110000110010011111100010000001111000001101011010010001100101001111001
