1110101010100011000101111011110101001001011000111111101001111001100100110110101001111000010011111111
0101011000111010110001000101011011100101001111100001100101101010111001011110101100010110100111110010
1000011100011100010001101000100100001111100010000111000101110101100110011000111010011110111110001010
1000110011010010010001101111101001000100010011110101011010010010000010011001011000100110101011100111
1111001001110001101110010111100110111000100000010011110011101001100011110110111101100001111011100001
1010000011110111101010100111100001111111101001101010001001000001000001001001011010110011110001010011
0010111100111000010111010011101001010000100010101100010011101100011101011111111010010000111000100101
1111000110000111001101001010001111110010100011010011101110110010001111110110101001011111111111000101
1000000010010000111110000011010010110110010111101111010101011001001000000101111100010110110100010010
110100011111101000000010010    110110001011111011100110101111011101100111100101100010100100010010000
01001011001011111110110110    0110000100111011010011000110010110000010101011010101010100000111101101
1110010000100000000111100    00001000001001010111000110110100101100110100010101011010100111101000100
001011001011011000100001     01000101000110001001010101100111001100111100101010100100101100100001100
011111001101011111111011                         100001                          0100000101000000110
10101111001101101011011                           11011                          0001011110000111011
1000100101011110110101     0100000     0010000000100111    10101010000001001     0100010010010001011
101011111101110011000     01001110     0110100011001001    11100001001001010     0101100011010010101
111100001011010110100    110110110     1010011001000011    10000101011000100     1101000111001110011
01100110100000111111  111010100100     1101001000111110    10100011110110101     0010100001010110001
0100000110011010100101000000000001     0100100001110110    11011000111010001     0101011000001011111
0110100011111101101010000001101101     0010101001111100    01101110110001000     1100010101010101010
1010011001001101100101100010110100     1011010011110101    10010000010010111     0101101001010111000
1001101111001101001101010011100011    00110011111101010    00100011010011001     1100001001100111101
000001111010000111111             1               00100    11001000010101011     1100111110010010110
01110100000100100110                               1111    10000000010111101     1010011010010001111
11111010101001110110                               1100    10000000000001100     1101101111111100001
110010110000100101010110011001001    111101110101101111    10011010111110100     0001110001111110011
10101110000010110011110111110000     111110000111110011    10010110010000101     0110000101001001011
10000100011110111111100110010110     000011101111011111    00110001101110110     1001000001111010110
01000110010000111011111101100100    000 111000000110100    11000110111000111     0111001010111001000
1001111010100010111110001111101           1011100100100    01001101000110010     0100011111101110101
1010001111101001000001011010110     01     011011010111    11011111111001111     1110001011011001101
01010010100011000110111111000     111011      100001001    11011011011000100     0110011001111001101
00010010001101101001000111110     0110010      10110111     0110101000110010     0101000111000101111
001100100001000110011111101      1101101101     0011011        10010 0           1000010001111110110
10100001111110000000000100      010010110001    1111110        1                 1010001111111011000
110111111010110110000101       100011010010011  001110101110         0110101011011100010111101101101
1000011110111111101010       00011011001001010000010100000001   100100110111010110011000010011001110
00110010111110011000  10   1000101110000101011000011101010010110001100011101101000111101101110001101
1100011101000001110110101100000100000011010111000000110101101110110011011011101101101101011101000110
1101001100100100100001011111000011100000011000001101101100001111110001111010100100011111001111010000
0010000111111001010001001110001101011001101001011010111010001001011010101000111000011100110111011100
1000011001010100000100010000010011011100111100001111000101101011001101011111011000101000100010000011
0000110010110111100001111100110110111101100000101100110011000111011010001110111110010100110011000101
0000000010011101110010100010110000011100101011011111100010010100100011101101110011010001100101010101
1111110001111100000110010110001011000111110001110010110100010100001000101100000100110101111001010011
1001011000000101000100010100011010111010111111111000101100001011101110110000111101000010011110001011
1110010110111010100000100000100000000101101001001110010110110011011110100111111111010010010101011111
1001100000110010001010011100000101111011000010011100110110000100011101000111000010100001100011111010
1100011101111111011000010100101011111101000010001100010101000010000011101001001000111111001110111000
